Sample	0	1	2	3	4	5	6	7	8	9	10	11	12	13	14	15
231-MLH1KO-1_S13_L002_R1_001	(1.0, 22.829107052578298)	(2.0, 5.68968647381881)	(3.0, 2.6368590481726892)	(4.0, 1.782202815630456)	(5.0, 1.479177940722871)	(6.0, 1.2497285516665981)	(7.0, 1.137361510392169)	(8.0, 1.0265372275682394)	(9.0, 0.9338562693134647)	('>10', 21.947274073793047)	('>50', 13.55079587861662)	('>100', 23.029401143520758)	('>500', 2.2313898045160556)	('>1k', 0.4766222096899438)	('>5k', 0.0)	('>10k+', 0.0)
231-MLH1KO-1_S13_L002_R2_001	(1.0, 21.200432905432216)	(2.0, 5.540311369231113)	(3.0, 2.6044930734710943)	(4.0, 1.839500387227911)	(5.0, 1.5261179988610412)	(6.0, 1.2356668604328163)	(7.0, 1.1814723532441234)	(8.0, 1.049240795915192)	(9.0, 0.9524433245109015)	('>10', 22.170851338309497)	('>50', 13.86337476238298)	('>100', 23.86387238455875)	('>500', 2.3475276357064736)	('>1k', 0.5443322193497537)	('>5k', 0.0)	('>10k+', 0.08036259136572028)
231-MLH1KO-1_S1_L001_R1_001	(1.0, 21.75223049329215)	(2.0, 5.570553807847668)	(3.0, 2.4951894440902413)	(4.0, 1.7948892983265539)	(5.0, 1.342324824748466)	(6.0, 1.141038078045602)	(7.0, 0.9980881480403714)	(8.0, 1.0120130379834185)	(9.0, 0.8732212031196932)	('>10', 20.045370229780193)	('>50', 12.906828515663413)	('>100', 25.795906675657186)	('>500', 3.4076770852402323)	('>1k', 0.854210843740817)	('>5k', 0.010458314423881867)	('>10k+', 0.0)
231-MLH1KO-1_S1_L001_R2_001	(1.0, 20.255416627184427)	(2.0, 5.437170152921049)	(3.0, 2.5274130143361795)	(4.0, 1.704672490719403)	(5.0, 1.3997018374642738)	(6.0, 1.1873099061608428)	(7.0, 1.1062228864995318)	(8.0, 0.9626763186291942)	(9.0, 0.8894271385157317)	('>10', 20.240250248112755)	('>50', 13.33736313398837)	('>100', 26.58236381115958)	('>500', 3.4696844682925736)	('>1k', 0.8037124048666484)	('>5k', 0.010228290037204659)	('>10k+', 0.08638727111226066)
231-MLH1KO-2_S14_L002_R1_001	(1.0, 23.664994808737823)	(2.0, 6.392290351988376)	(3.0, 3.0916560474590513)	(4.0, 2.04938194511175)	(5.0, 1.669656266444098)	(6.0, 1.3359557562189124)	(7.0, 1.2196505623177853)	(8.0, 1.0182975840974555)	(9.0, 0.9650211366471383)	('>10', 19.56574474197771)	('>50', 11.944065512825693)	('>100', 22.790318686119303)	('>500', 3.3216479749611096)	('>1k', 0.9607855594871036)	('>5k', 0.01053306560656971)	('>10k+', 0.0)
231-MLH1KO-2_S14_L002_R2_001	(1.0, 24.473425756043405)	(2.0, 6.297086003263072)	(3.0, 3.0302773580279556)	(4.0, 1.9662258358232245)	(5.0, 1.5828415063829073)	(6.0, 1.2822294323160988)	(7.0, 1.1677351015864221)	(8.0, 0.9590128702759209)	(9.0, 0.9066048351021473)	('>10', 19.5741852295758)	('>50', 11.637808408128567)	('>100', 22.82206552408523)	('>500', 3.231577708167937)	('>1k', 0.9404955047287059)	('>5k', 0.0)	('>10k+', 0.12842892649252008)
231-MLH1KO-2_S2_L001_R1_001	(1.0, 23.04135541383815)	(2.0, 6.344469993804745)	(3.0, 3.058255789675564)	(4.0, 2.0128845845435657)	(5.0, 1.5131291251331083)	(6.0, 1.2524532502007446)	(7.0, 1.141321509620943)	(8.0, 0.9756275445601136)	(9.0, 0.9295018888291521)	('>10', 18.15338682139265)	('>50', 11.178558012634733)	('>100', 24.504231984998356)	('>500', 4.315780711688033)	('>1k', 1.5685776918641214)	('>5k', 0.010465677216058298)	('>10k+', 0.0)
231-MLH1KO-2_S2_L001_R2_001	(1.0, 23.124408197071844)	(2.0, 6.14596703386148)	(3.0, 2.897056637054709)	(4.0, 1.9775125575384573)	(5.0, 1.5393874369660658)	(6.0, 1.2475432050003394)	(7.0, 1.1272325877816851)	(8.0, 0.9403829881944532)	(9.0, 0.904376939923395)	('>10', 18.281315866356387)	('>50', 11.382922763499376)	('>100', 24.607302527617907)	('>500', 4.2157839093376985)	('>1k', 1.4695202607542017)	('>5k', 0.009739301148830431)	('>10k+', 0.1295477878930213)
231-MLH1KO-3_S15_L002_R1_001	(1.0, 26.221220877468664)	(2.0, 7.778223561641136)	(3.0, 3.6381012631530734)	(4.0, 2.3301632260105376)	(5.0, 1.6380765508905368)	(6.0, 1.3143411022083558)	(7.0, 1.1655392694282214)	(8.0, 0.9991614025049093)	(9.0, 0.8006231306882546)	('>10', 16.130920123185355)	('>50', 9.69953231804293)	('>100', 21.13702261252481)	('>500', 4.68211169280662)	('>1k', 2.4649628694465813)	('>5k', 0.0)	('>10k+', 0.0)
231-MLH1KO-3_S15_L002_R2_001	(1.0, 27.347209246043796)	(2.0, 7.401713425254822)	(3.0, 3.647426930164869)	(4.0, 2.1536109929649947)	(5.0, 1.583857864518216)	(6.0, 1.3268416826296479)	(7.0, 1.0565414113803526)	(8.0, 0.9507183987585174)	(9.0, 0.8019619570782457)	('>10', 16.078858562567966)	('>50', 9.71968852717585)	('>100', 20.85309174968441)	('>500', 4.4935874017527695)	('>1k', 2.3987106725365663)	('>5k', 0.0)	('>10k+', 0.18618117748889304)
231-MLH1KO-3_S3_L001_R1_001	(1.0, 25.084511735620364)	(2.0, 7.57590458186531)	(3.0, 3.541004233203495)	(4.0, 2.28593209691574)	(5.0, 1.6208145817621116)	(6.0, 1.298786263938002)	(7.0, 1.068421753879446)	(8.0, 0.9399439412620975)	(9.0, 0.8302554156936678)	('>10', 15.050551065970907)	('>50', 9.359885480808652)	('>100', 22.325128122890284)	('>500', 5.532683000004525)	('>1k', 3.4673956180909724)	('>5k', 0.01878210809439122)	('>10k+', 0.0)
231-MLH1KO-3_S3_L001_R2_001	(1.0, 25.322897121989406)	(2.0, 7.434066068484389)	(3.0, 3.479127958898798)	(4.0, 2.2362556270740783)	(5.0, 1.6336531072469955)	(6.0, 1.3126781458358314)	(7.0, 1.062531341460377)	(8.0, 0.9241463157393168)	(9.0, 0.802711893173131)	('>10', 15.259683938505875)	('>50', 9.345132476456653)	('>100', 22.138060747080267)	('>500', 5.526660274884241)	('>1k', 3.332165995055483)	('>5k', 0.0)	('>10k+', 0.19022898811516661)
231-MLH1R4-1_S4_L001_R1_001	(1.0, 24.973376340613544)	(2.0, 6.718734230134249)	(3.0, 3.113067247122893)	(4.0, 1.981943620137826)	(5.0, 1.5833040378183731)	(6.0, 1.1730646699936054)	(7.0, 1.0449451764064888)	(8.0, 0.8383218026638684)	(9.0, 0.8244745502395838)	('>10', 15.881882620139386)	('>50', 9.6057018160298)	('>100', 23.427644649406556)	('>500', 5.530019851180677)	('>1k', 3.2847237018013407)	('>5k', 0.018795686311891633)	('>10k+', 0.0)
231-MLH1R4-1_S4_L001_R2_001	(1.0, 25.299832288165327)	(2.0, 6.645547244886774)	(3.0, 2.9468876281466505)	(4.0, 1.9916985762980524)	(5.0, 1.5186767585809668)	(6.0, 1.2047333928901787)	(7.0, 1.0293705987358233)	(8.0, 0.9201407971155389)	(9.0, 0.8225618627594288)	('>10', 15.784185765803189)	('>50', 9.768392614378241)	('>100', 23.35192335385367)	('>500', 5.431595185733532)	('>1k', 3.053898027098879)	('>5k', 0.025622926119764095)	('>10k+', 0.20493297943379807)
231-MSH2R4-1_S22_L002_R1_001	(1.0, 20.217182726775917)	(2.0, 5.936908439145)	(3.0, 2.8457113337145215)	(4.0, 1.7751960551732793)	(5.0, 1.4500672056345532)	(6.0, 1.2024424316331648)	(7.0, 1.0680910320845873)	(8.0, 0.9607891945411552)	(9.0, 0.8760639293968595)	('>10', 19.291375856258227)	('>50', 12.819538578492622)	('>100', 26.744523885796852)	('>500', 3.7552845890491784)	('>1k', 1.0447769700524012)	('>5k', 0.012047772251767373)	('>10k+', 0.0)
231-MSH2R4-1_S22_L002_R2_001	(1.0, 21.408309096921528)	(2.0, 5.7185340942180805)	(3.0, 2.722005089086349)	(4.0, 1.7483490072617167)	(5.0, 1.3008995471285916)	(6.0, 1.1278352111368333)	(7.0, 1.0144364739708784)	(8.0, 0.9308438423944085)	(9.0, 0.8115059569954048)	('>10', 18.816986764427654)	('>50', 12.600434202613558)	('>100', 26.955789610623743)	('>500', 3.7265152311193934)	('>1k', 0.9658216189904983)	('>5k', 0.011259123690949743)	('>10k+', 0.14047512942011176)
231-MSH2R4-2_S11_L001_R1_001	(1.0, 16.78963639999439)	(2.0, 7.373869057293228)	(3.0, 3.874474749015226)	(4.0, 2.3149723797264663)	(5.0, 1.587244026695877)	(6.0, 1.2348385849501857)	(7.0, 1.0607023003981266)	(8.0, 0.9858357477891347)	(9.0, 0.8312709714376091)	('>10', 18.119109094082035)	('>50', 12.07744401095643)	('>100', 27.332989446140175)	('>500', 4.70916019680162)	('>1k', 1.6985687884225509)	('>5k', 0.009884246297004753)	('>10k+', 0.0)
231-MSH2R4-2_S11_L001_R2_001	(1.0, 17.09690967069086)	(2.0, 7.323295185201325)	(3.0, 3.8110100797638236)	(4.0, 2.2163929032894183)	(5.0, 1.5630994866616363)	(6.0, 1.2178672726057096)	(7.0, 1.0920586199101758)	(8.0, 0.9239785378647271)	(9.0, 0.8516403788840372)	('>10', 18.300212836238437)	('>50', 12.222436905841365)	('>100', 27.020220000665564)	('>500', 4.614827423844852)	('>1k', 1.5675384586602126)	('>5k', 0.009486406000043643)	('>10k+', 0.16902583387772221)
231-MSH2R4-2_S23_L002_R1_001	(1.0, 17.66297617388349)	(2.0, 7.5163593779911775)	(3.0, 3.7510406920106356)	(4.0, 2.28663720154864)	(5.0, 1.5832220691999157)	(6.0, 1.3478873606389778)	(7.0, 1.1311947848334771)	(8.0, 0.9569726097838133)	(9.0, 0.8637963719495609)	('>10', 19.965703076606957)	('>50', 12.967959397277676)	('>100', 25.363813442906665)	('>500', 3.5018635364017627)	('>1k', 1.1005739049673793)	('>5k', 0.0)	('>10k+', 0.0)
231-MSH2R4-2_S23_L002_R2_001	(1.0, 18.910394614455083)	(2.0, 7.231186078084549)	(3.0, 3.69012851706475)	(4.0, 2.2045326926707243)	(5.0, 1.5943976763468588)	(6.0, 1.258508106326506)	(7.0, 1.0406392489385934)	(8.0, 0.9256387679984499)	(9.0, 0.8708150060264975)	('>10', 19.836019076161527)	('>50', 12.801005583584182)	('>100', 25.061636091783264)	('>500', 3.3712586125043282)	('>1k', 1.0411097989664624)	('>5k', 0.0)	('>10k+', 0.16273012908834086)
231-MSH2R4-3_S12_L001_R1_001	(1.0, 25.400458159101913)	(2.0, 6.533893187162191)	(3.0, 2.8877666266992343)	(4.0, 1.7756868097060272)	(5.0, 1.3067897455107471)	(6.0, 1.1090333615038286)	(7.0, 0.8979789908166558)	(8.0, 0.8366640362336528)	(9.0, 0.73073241508982)	('>10', 16.50868683616346)	('>50', 11.31462409893)	('>100', 24.944119314965903)	('>500', 4.272864029938575)	('>1k', 1.4706782354383825)	('>5k', 0.010024152739425049)	('>10k+', 0.0)
231-MSH2R4-3_S12_L001_R2_001	(1.0, 25.90164414061001)	(2.0, 6.315199814764045)	(3.0, 2.686177240361691)	(4.0, 1.7588002003148668)	(5.0, 1.3310693279347927)	(6.0, 1.0495019363220728)	(7.0, 0.8959795181470491)	(8.0, 0.7588526309924049)	(9.0, 0.716892000539429)	('>10', 16.776066267742756)	('>50', 11.223784922544336)	('>100', 24.83215475353546)	('>500', 4.094856249105504)	('>1k', 1.366229494835617)	('>5k', 0.009455296707405672)	('>10k+', 0.2833362055426265)
231-MSH2R4-3_S24_L002_R1_001	(1.0, 25.95647342203519)	(2.0, 6.609853133270617)	(3.0, 2.8555185730294057)	(4.0, 1.745182762678819)	(5.0, 1.372128552299349)	(6.0, 1.0657647418881422)	(7.0, 0.9974857293501245)	(8.0, 0.9272092091668513)	(9.0, 0.8317478184924334)	('>10', 18.411058333726096)	('>50', 11.88681119633795)	('>100', 23.093493737250554)	('>500', 3.3009940447637236)	('>1k', 0.9360579572333799)	('>5k', 0.010220788477468825)	('>10k+', 0.0)
231-MSH2R4-3_S24_L002_R2_001	(1.0, 27.4741258631935)	(2.0, 6.161787493799846)	(3.0, 2.7075332367160945)	(4.0, 1.7229321417313217)	(5.0, 1.306252428366652)	(6.0, 1.1069437169646967)	(7.0, 0.9914581546865009)	(8.0, 0.8405152083572398)	(9.0, 0.8015031683392342)	('>10', 18.29153042939502)	('>50', 11.805949105251159)	('>100', 22.681324389693007)	('>500', 2.9798527924633023)	('>1k', 0.8478906138523065)	('>5k', 0.00967643850537414)	('>10k+', 0.27072481868474996)
