Sample	0	1	2	3	4	5	6	7	8	9	10	11	12	13	14	15	16	17	18	19	20	21	22	23	24	25	26	27	28
231-MLH1KO-1_S13_L002_R1_001	(16.0, 16.0)	(17.0, 601.0)	(18.0, 10973.0)	(19.0, 59612.0)	(20.0, 119816.0)	(21.0, 105832.0)	(22.0, 78775.0)	(23.0, 75722.0)	(24.0, 87967.0)	(25.0, 102738.0)	(26.0, 124477.0)	(27.0, 148680.0)	(28.0, 190403.0)	(29.0, 244486.0)	(30.0, 318261.0)	(31.0, 411736.0)	(32.0, 568903.0)	(33.0, 814856.0)	(34.0, 1246474.0)	(35.0, 2331660.0)	(36.0, 6059284.0)	(37.0, 12565735.0)	(38.0, 13173428.0)	(39.0, 4960773.0)	(40.0, 49290.0)				
231-MLH1KO-1_S13_L002_R2_001	(13.0, 13.0)	(14.0, 170.0)	(15.0, 850.0)	(16.0, 3068.0)	(17.0, 10792.0)	(18.0, 33473.0)	(19.0, 63772.0)	(20.0, 76399.0)	(21.0, 56901.0)	(22.0, 35427.0)	(23.0, 28895.0)	(24.0, 30564.0)	(25.0, 32827.0)	(26.0, 35983.0)	(27.0, 39052.0)	(28.0, 44731.0)	(29.0, 50544.0)	(30.0, 59514.0)	(31.0, 68792.0)	(32.0, 87579.0)	(33.0, 113245.0)	(34.0, 155287.0)	(35.0, 222056.0)	(36.0, 368535.0)	(37.0, 691528.0)	(38.0, 2052005.0)	(39.0, 29078526.0)	(40.0, 10409970.0)	
231-MLH1KO-1_S1_L001_R1_001	(16.0, 18.0)	(17.0, 560.0)	(18.0, 10733.0)	(19.0, 61202.0)	(20.0, 133051.0)	(21.0, 122012.0)	(22.0, 89091.0)	(23.0, 84070.0)	(24.0, 96513.0)	(25.0, 114889.0)	(26.0, 138652.0)	(27.0, 166552.0)	(28.0, 214236.0)	(29.0, 274582.0)	(30.0, 359728.0)	(31.0, 465482.0)	(32.0, 650940.0)	(33.0, 932467.0)	(34.0, 1416386.0)	(35.0, 2625744.0)	(36.0, 7042251.0)	(37.0, 15104693.0)	(38.0, 16528292.0)	(39.0, 7382040.0)	(40.0, 104697.0)				
231-MLH1KO-1_S1_L001_R2_001	(13.0, 18.0)	(14.0, 236.0)	(15.0, 1277.0)	(16.0, 4044.0)	(17.0, 12560.0)	(18.0, 37479.0)	(19.0, 72868.0)	(20.0, 91159.0)	(21.0, 69510.0)	(22.0, 43412.0)	(23.0, 34862.0)	(24.0, 36565.0)	(25.0, 39225.0)	(26.0, 42137.0)	(27.0, 45387.0)	(28.0, 52072.0)	(29.0, 59871.0)	(30.0, 69691.0)	(31.0, 81685.0)	(32.0, 102786.0)	(33.0, 134196.0)	(34.0, 182372.0)	(35.0, 259904.0)	(36.0, 428837.0)	(37.0, 799306.0)	(38.0, 2327473.0)	(39.0, 35672930.0)	(40.0, 13417019.0)	
231-MLH1KO-2_S14_L002_R1_001	(16.0, 8.0)	(17.0, 715.0)	(18.0, 11311.0)	(19.0, 59270.0)	(20.0, 132859.0)	(21.0, 134157.0)	(22.0, 102848.0)	(23.0, 95963.0)	(24.0, 108637.0)	(25.0, 126767.0)	(26.0, 151523.0)	(27.0, 179707.0)	(28.0, 229599.0)	(29.0, 288550.0)	(30.0, 368519.0)	(31.0, 468241.0)	(32.0, 649533.0)	(33.0, 906483.0)	(34.0, 1307231.0)	(35.0, 2123357.0)	(36.0, 5877161.0)	(37.0, 14203585.0)	(38.0, 16358035.0)	(39.0, 6510698.0)	(40.0, 169388.0)				
231-MLH1KO-2_S14_L002_R2_001	(13.0, 10.0)	(14.0, 188.0)	(15.0, 1310.0)	(16.0, 5983.0)	(17.0, 25452.0)	(18.0, 82876.0)	(19.0, 151465.0)	(20.0, 174647.0)	(21.0, 133879.0)	(22.0, 100337.0)	(23.0, 91511.0)	(24.0, 98659.0)	(25.0, 106609.0)	(26.0, 117393.0)	(27.0, 127773.0)	(28.0, 147769.0)	(29.0, 169762.0)	(30.0, 195211.0)	(31.0, 225717.0)	(32.0, 283860.0)	(33.0, 386166.0)	(34.0, 496739.0)	(35.0, 594532.0)	(36.0, 843056.0)	(37.0, 1391504.0)	(38.0, 3714051.0)	(39.0, 34060539.0)	(40.0, 6837147.0)	
231-MLH1KO-2_S2_L001_R1_001	(15.0, 1.0)	(16.0, 11.0)	(17.0, 620.0)	(18.0, 11042.0)	(19.0, 60214.0)	(20.0, 142788.0)	(21.0, 150781.0)	(22.0, 114162.0)	(23.0, 104069.0)	(24.0, 118097.0)	(25.0, 137793.0)	(26.0, 165773.0)	(27.0, 198487.0)	(28.0, 252964.0)	(29.0, 320303.0)	(30.0, 410154.0)	(31.0, 527884.0)	(32.0, 736253.0)	(33.0, 1040638.0)	(34.0, 1512695.0)	(35.0, 2454996.0)	(36.0, 7017733.0)	(37.0, 17257793.0)	(38.0, 19794138.0)	(39.0, 8614603.0)	(40.0, 290230.0)			
231-MLH1KO-2_S2_L001_R2_001	(13.0, 21.0)	(14.0, 256.0)	(15.0, 1742.0)	(16.0, 7018.0)	(17.0, 27367.0)	(18.0, 86612.0)	(19.0, 161928.0)	(20.0, 193513.0)	(21.0, 151372.0)	(22.0, 111674.0)	(23.0, 100911.0)	(24.0, 107764.0)	(25.0, 116629.0)	(26.0, 129081.0)	(27.0, 139731.0)	(28.0, 162548.0)	(29.0, 185289.0)	(30.0, 214506.0)	(31.0, 245945.0)	(32.0, 306799.0)	(33.0, 405012.0)	(34.0, 519966.0)	(35.0, 651903.0)	(36.0, 928027.0)	(37.0, 1523003.0)	(38.0, 4071711.0)	(39.0, 42043247.0)	(40.0, 8840647.0)	
231-MLH1KO-3_S15_L002_R1_001	(15.0, 1.0)	(16.0, 14.0)	(17.0, 750.0)	(18.0, 12813.0)	(19.0, 64804.0)	(20.0, 134913.0)	(21.0, 132524.0)	(22.0, 105057.0)	(23.0, 98499.0)	(24.0, 111224.0)	(25.0, 128274.0)	(26.0, 151077.0)	(27.0, 176178.0)	(28.0, 220021.0)	(29.0, 272110.0)	(30.0, 341977.0)	(31.0, 429141.0)	(32.0, 584048.0)	(33.0, 812768.0)	(34.0, 1171238.0)	(35.0, 1854945.0)	(36.0, 4840087.0)	(37.0, 12183989.0)	(38.0, 16696216.0)	(39.0, 9747123.0)	(40.0, 268897.0)			
231-MLH1KO-3_S15_L002_R2_001	(12.0, 1.0)	(13.0, 17.0)	(14.0, 285.0)	(15.0, 1889.0)	(16.0, 8163.0)	(17.0, 31466.0)	(18.0, 90700.0)	(19.0, 158246.0)	(20.0, 179540.0)	(21.0, 138942.0)	(22.0, 105873.0)	(23.0, 93906.0)	(24.0, 97633.0)	(25.0, 103243.0)	(26.0, 110729.0)	(27.0, 116699.0)	(28.0, 131569.0)	(29.0, 146897.0)	(30.0, 166999.0)	(31.0, 188800.0)	(32.0, 229833.0)	(33.0, 282807.0)	(34.0, 365368.0)	(35.0, 486859.0)	(36.0, 728724.0)	(37.0, 1187070.0)	(38.0, 2818276.0)	(39.0, 30767762.0)	(40.0, 11800392.0)
231-MLH1KO-3_S3_L001_R1_001	(16.0, 14.0)	(17.0, 761.0)	(18.0, 12307.0)	(19.0, 66280.0)	(20.0, 147288.0)	(21.0, 149988.0)	(22.0, 116679.0)	(23.0, 108093.0)	(24.0, 121418.0)	(25.0, 140347.0)	(26.0, 166555.0)	(27.0, 193996.0)	(28.0, 243943.0)	(29.0, 302516.0)	(30.0, 380271.0)	(31.0, 481872.0)	(32.0, 659495.0)	(33.0, 927863.0)	(34.0, 1347066.0)	(35.0, 2132465.0)	(36.0, 5718053.0)	(37.0, 14618504.0)	(38.0, 20137449.0)	(39.0, 13067942.0)	(40.0, 463274.0)				
231-MLH1KO-3_S3_L001_R2_001	(13.0, 19.0)	(14.0, 393.0)	(15.0, 2477.0)	(16.0, 9638.0)	(17.0, 33963.0)	(18.0, 97792.0)	(19.0, 173503.0)	(20.0, 201908.0)	(21.0, 158759.0)	(22.0, 118153.0)	(23.0, 104700.0)	(24.0, 109389.0)	(25.0, 114537.0)	(26.0, 123231.0)	(27.0, 129371.0)	(28.0, 146435.0)	(29.0, 164226.0)	(30.0, 186261.0)	(31.0, 208992.0)	(32.0, 256202.0)	(33.0, 316268.0)	(34.0, 406419.0)	(35.0, 541284.0)	(36.0, 808538.0)	(37.0, 1311445.0)	(38.0, 3119045.0)	(39.0, 37642987.0)	(40.0, 15218504.0)	
231-MLH1R4-1_S4_L001_R1_001	(16.0, 18.0)	(17.0, 1005.0)	(18.0, 17792.0)	(19.0, 98406.0)	(20.0, 230511.0)	(21.0, 229123.0)	(22.0, 155548.0)	(23.0, 131183.0)	(24.0, 144080.0)	(25.0, 163753.0)	(26.0, 194754.0)	(27.0, 229240.0)	(28.0, 289564.0)	(29.0, 363733.0)	(30.0, 463055.0)	(31.0, 589401.0)	(32.0, 809302.0)	(33.0, 1140074.0)	(34.0, 1674284.0)	(35.0, 2706985.0)	(36.0, 7618720.0)	(37.0, 18509495.0)	(38.0, 21084059.0)	(39.0, 8921947.0)	(40.0, 259754.0)				
231-MLH1R4-1_S4_L001_R2_001	(13.0, 33.0)	(14.0, 430.0)	(15.0, 2876.0)	(16.0, 11554.0)	(17.0, 43773.0)	(18.0, 133590.0)	(19.0, 245976.0)	(20.0, 288207.0)	(21.0, 211215.0)	(22.0, 142768.0)	(23.0, 121079.0)	(24.0, 123112.0)	(25.0, 127967.0)	(26.0, 136282.0)	(27.0, 143137.0)	(28.0, 163642.0)	(29.0, 182609.0)	(30.0, 208703.0)	(31.0, 236548.0)	(32.0, 289566.0)	(33.0, 358951.0)	(34.0, 467172.0)	(35.0, 626448.0)	(36.0, 943556.0)	(37.0, 1543860.0)	(38.0, 3767526.0)	(39.0, 44073078.0)	(40.0, 11432128.0)	
231-MSH2R4-1_S22_L002_R1_001	(16.0, 15.0)	(17.0, 778.0)	(18.0, 13684.0)	(19.0, 76002.0)	(20.0, 165360.0)	(21.0, 145952.0)	(22.0, 96184.0)	(23.0, 83545.0)	(24.0, 93968.0)	(25.0, 112418.0)	(26.0, 137974.0)	(27.0, 167429.0)	(28.0, 219529.0)	(29.0, 285798.0)	(30.0, 379029.0)	(31.0, 502861.0)	(32.0, 740831.0)	(33.0, 1113499.0)	(34.0, 1586378.0)	(35.0, 2778464.0)	(36.0, 7259874.0)	(37.0, 15165872.0)	(38.0, 13552430.0)	(39.0, 7980045.0)	(40.0, 414897.0)				
231-MSH2R4-1_S22_L002_R2_001	(13.0, 11.0)	(14.0, 237.0)	(15.0, 1781.0)	(16.0, 7194.0)	(17.0, 28378.0)	(18.0, 90980.0)	(19.0, 172068.0)	(20.0, 199717.0)	(21.0, 146853.0)	(22.0, 102822.0)	(23.0, 91832.0)	(24.0, 99128.0)	(25.0, 107870.0)	(26.0, 118850.0)	(27.0, 128820.0)	(28.0, 150336.0)	(29.0, 173113.0)	(30.0, 200908.0)	(31.0, 232096.0)	(32.0, 292385.0)	(33.0, 397003.0)	(34.0, 512508.0)	(35.0, 624005.0)	(36.0, 890981.0)	(37.0, 1468290.0)	(38.0, 3940802.0)	(39.0, 34682430.0)	(40.0, 8211418.0)	
231-MSH2R4-2_S11_L001_R1_001	(16.0, 12.0)	(17.0, 689.0)	(18.0, 13452.0)	(19.0, 78134.0)	(20.0, 180720.0)	(21.0, 171012.0)	(22.0, 112881.0)	(23.0, 96424.0)	(24.0, 107781.0)	(25.0, 127893.0)	(26.0, 155662.0)	(27.0, 188023.0)	(28.0, 245549.0)	(29.0, 319020.0)	(30.0, 422164.0)	(31.0, 562830.0)	(32.0, 833364.0)	(33.0, 1261898.0)	(34.0, 1817429.0)	(35.0, 3217227.0)	(36.0, 8328791.0)	(37.0, 17606782.0)	(38.0, 16035879.0)	(39.0, 11007118.0)	(40.0, 644866.0)				
231-MSH2R4-2_S11_L001_R2_001	(13.0, 21.0)	(14.0, 435.0)	(15.0, 2637.0)	(16.0, 9528.0)	(17.0, 33304.0)	(18.0, 99562.0)	(19.0, 184797.0)	(20.0, 224528.0)	(21.0, 173604.0)	(22.0, 119542.0)	(23.0, 101172.0)	(24.0, 105066.0)	(25.0, 111147.0)	(26.0, 120609.0)	(27.0, 127548.0)	(28.0, 145517.0)	(29.0, 164217.0)	(30.0, 188039.0)	(31.0, 214484.0)	(32.0, 263081.0)	(33.0, 326558.0)	(34.0, 425891.0)	(35.0, 569782.0)	(36.0, 852693.0)	(37.0, 1395242.0)	(38.0, 3353859.0)	(39.0, 40119819.0)	(40.0, 14102918.0)	
231-MSH2R4-2_S23_L002_R1_001	(16.0, 12.0)	(17.0, 738.0)	(18.0, 13624.0)	(19.0, 75532.0)	(20.0, 164775.0)	(21.0, 149809.0)	(22.0, 101248.0)	(23.0, 87404.0)	(24.0, 97988.0)	(25.0, 116284.0)	(26.0, 140768.0)	(27.0, 170342.0)	(28.0, 221228.0)	(29.0, 285713.0)	(30.0, 375114.0)	(31.0, 497055.0)	(32.0, 726460.0)	(33.0, 1079093.0)	(34.0, 1534424.0)	(35.0, 2665450.0)	(36.0, 6895604.0)	(37.0, 14578285.0)	(38.0, 13419656.0)	(39.0, 8295980.0)	(40.0, 418414.0)				
231-MSH2R4-2_S23_L002_R2_001	(13.0, 6.0)	(14.0, 281.0)	(15.0, 2007.0)	(16.0, 8234.0)	(17.0, 30524.0)	(18.0, 93419.0)	(19.0, 169602.0)	(20.0, 199412.0)	(21.0, 151346.0)	(22.0, 106037.0)	(23.0, 91215.0)	(24.0, 94917.0)	(25.0, 100302.0)	(26.0, 108576.0)	(27.0, 115142.0)	(28.0, 131387.0)	(29.0, 148553.0)	(30.0, 169175.0)	(31.0, 192910.0)	(32.0, 236964.0)	(33.0, 293564.0)	(34.0, 383259.0)	(35.0, 512580.0)	(36.0, 770632.0)	(37.0, 1268898.0)	(38.0, 3037188.0)	(39.0, 32753844.0)	(40.0, 10941026.0)	
231-MSH2R4-3_S12_L001_R1_001	(16.0, 13.0)	(17.0, 1089.0)	(18.0, 20880.0)	(19.0, 124863.0)	(20.0, 296069.0)	(21.0, 263919.0)	(22.0, 149201.0)	(23.0, 112879.0)	(24.0, 121426.0)	(25.0, 142973.0)	(26.0, 172573.0)	(27.0, 208362.0)	(28.0, 271228.0)	(29.0, 350593.0)	(30.0, 469136.0)	(31.0, 628218.0)	(32.0, 925336.0)	(33.0, 1419479.0)	(34.0, 2035808.0)	(35.0, 3526684.0)	(36.0, 8838442.0)	(37.0, 18017954.0)	(38.0, 16583311.0)	(39.0, 11819297.0)	(40.0, 606471.0)				
231-MSH2R4-3_S12_L001_R2_001	(12.0, 1.0)	(13.0, 48.0)	(14.0, 737.0)	(15.0, 4410.0)	(16.0, 15614.0)	(17.0, 50543.0)	(18.0, 148142.0)	(19.0, 281708.0)	(20.0, 338152.0)	(21.0, 238366.0)	(22.0, 148046.0)	(23.0, 122011.0)	(24.0, 123603.0)	(25.0, 129519.0)	(26.0, 138086.0)	(27.0, 144312.0)	(28.0, 162301.0)	(29.0, 181168.0)	(30.0, 207214.0)	(31.0, 234557.0)	(32.0, 288325.0)	(33.0, 358137.0)	(34.0, 464741.0)	(35.0, 627784.0)	(36.0, 953666.0)	(37.0, 1560261.0)	(38.0, 3805364.0)	(39.0, 42832921.0)	(40.0, 13546467.0)
231-MSH2R4-3_S24_L002_R1_001	(16.0, 21.0)	(17.0, 1152.0)	(18.0, 20833.0)	(19.0, 119905.0)	(20.0, 263787.0)	(21.0, 225282.0)	(22.0, 129748.0)	(23.0, 102201.0)	(24.0, 110644.0)	(25.0, 129298.0)	(26.0, 155867.0)	(27.0, 187236.0)	(28.0, 243068.0)	(29.0, 313821.0)	(30.0, 415954.0)	(31.0, 550691.0)	(32.0, 804191.0)	(33.0, 1208540.0)	(34.0, 1712394.0)	(35.0, 2917302.0)	(36.0, 7330908.0)	(37.0, 14977468.0)	(38.0, 13845641.0)	(39.0, 8827816.0)	(40.0, 391639.0)				
231-MSH2R4-3_S24_L002_R2_001	(13.0, 41.0)	(14.0, 466.0)	(15.0, 3522.0)	(16.0, 13007.0)	(17.0, 45425.0)	(18.0, 137377.0)	(19.0, 254839.0)	(20.0, 294794.0)	(21.0, 205039.0)	(22.0, 130633.0)	(23.0, 108144.0)	(24.0, 110192.0)	(25.0, 114945.0)	(26.0, 122916.0)	(27.0, 128777.0)	(28.0, 145197.0)	(29.0, 162008.0)	(30.0, 185345.0)	(31.0, 208256.0)	(32.0, 256842.0)	(33.0, 318611.0)	(34.0, 415755.0)	(35.0, 560302.0)	(36.0, 850552.0)	(37.0, 1391912.0)	(38.0, 3393114.0)	(39.0, 35006330.0)	(40.0, 10421066.0)	
